      1.0000      2.8782      2.0000
      2.0000     -0.1844      2.0000
      3.0000      3.4782      2.0000
      4.0000     -0.4854      2.0000
      5.0000      7.0267      2.0000
      6.0000      3.5961      2.0000
      7.0000      6.9750      2.0000
      8.0000      5.1795      2.0000
      9.0000      4.9780      2.0000
     10.0000      9.8768      2.0000
     11.0000      9.2268      2.0000
     12.0000      4.2509      2.0000
     13.0000     11.5478      2.0000
     14.0000     12.4535      2.0000
     15.0000      7.7408      2.0000
     16.0000      9.1766      2.0000
     17.0000     10.4939      2.0000
     18.0000     10.0572      2.0000
     19.0000     10.6119      2.0000
     20.0000     12.2201      2.0000
     21.0000     12.0600      2.0000
     22.0000      9.3514      2.0000
     23.0000     12.1813      2.0000
     24.0000     15.0403      2.0000
     25.0000     14.5943      2.0000
     26.0000     17.2758      2.0000
     27.0000     12.9941      2.0000
     28.0000     15.3672      2.0000
     29.0000     18.6797      2.0000
     30.0000     18.6915      2.0000
     31.0000     14.8782      2.0000
     32.0000     16.1351      2.0000
     33.0000     14.8565      2.0000
     34.0000     19.3758      2.0000
     35.0000     20.2319      2.0000
     36.0000     16.7506      2.0000
     37.0000     22.5474      2.0000
     38.0000     21.1320      2.0000
     39.0000     18.5236      2.0000
     40.0000     24.0945      2.0000
     41.0000     23.3361      2.0000
     42.0000     21.1415      2.0000
     43.0000     23.4487      2.0000
     44.0000     24.1650      2.0000
     45.0000     22.4552      2.0000
     46.0000     23.3992      2.0000
     47.0000     24.5487      2.0000
     48.0000     26.1095      2.0000
     49.0000     28.0406      2.0000
     50.0000     27.5019      2.0000
