      1.0000      3.2721      2.0000
      2.0000      2.0515      2.0000
      3.0000      4.9864      2.0000
      4.0000      1.0531      2.0000
      5.0000      2.5737      2.0000
      6.0000      2.9167      2.0000
      7.0000      4.3413      2.0000
      8.0000      5.1445      2.0000
      9.0000      3.4848      2.0000
     10.0000      3.9242      2.0000
     11.0000      6.3272      2.0000
     12.0000      4.8920      2.0000
     13.0000      8.5774      2.0000
     14.0000      5.0255      2.0000
     15.0000      6.9983      2.0000
     16.0000      4.2110      2.0000
     17.0000      3.3655      2.0000
     18.0000      7.4097      2.0000
     19.0000      4.4178      2.0000
     20.0000      3.9884      2.0000
     21.0000      5.0883      2.0000
     22.0000      4.0127      2.0000
     23.0000      1.9235      2.0000
     24.0000      4.3584      2.0000
     25.0000      2.2924      2.0000
     26.0000      0.1903      2.0000
     27.0000     -0.0899      2.0000
     28.0000      3.1478      2.0000
     29.0000     -1.2848      2.0000
     30.0000     -2.6408      2.0000
     31.0000      1.0451      2.0000
     32.0000     -4.0535      2.0000
     33.0000     -1.2267      2.0000
     34.0000     -4.0447      2.0000
     35.0000     -5.1447      2.0000
     36.0000     -3.5157      2.0000
     37.0000     -9.1673      2.0000
     38.0000     -5.8474      2.0000
     39.0000    -10.6543      2.0000
     40.0000     -9.1290      2.0000
     41.0000     -9.3203      2.0000
     42.0000    -10.4984      2.0000
     43.0000    -12.0271      2.0000
     44.0000    -19.4438      2.0000
     45.0000    -15.7775      2.0000
     46.0000    -19.8749      2.0000
     47.0000    -18.8703      2.0000
     48.0000    -18.4831      2.0000
     49.0000    -23.3032      2.0000
     50.0000    -28.5673      2.0000
